Running 5m test @ http://10.10.1.1:5000
  4 threads and 1024 connections

  Thread calibration: mean lat.: 9.875ms, rate sampling interval: 31ms
  Thread calibration: mean lat.: 9.828ms, rate sampling interval: 31ms
  Thread calibration: mean lat.: 9.730ms, rate sampling interval: 31ms
  Thread calibration: mean lat.: 9.819ms, rate sampling interval: 31ms

-----------------------------------------------------------------------
Test Results @ http://10.10.1.1:5000 
  Thread Stats   Avg      Stdev     99%   +/- Stdev
    Latency     9.66ms    4.95ms  26.16ms   80.56%
    Req/Sec     3.00k   497.78     4.23k    69.39%
  Latency Distribution (HdrHistogram - Recorded Latency)
 50.000%    8.65ms
 75.000%   11.59ms
 90.000%   15.29ms
 99.000%   26.16ms
 99.900%   47.10ms
 99.990%   93.18ms
 99.999%  132.74ms
100.000%  181.25ms

  Detailed Percentile spectrum:
       Value   Percentile   TotalCount 1/(1-Percentile)

       1.464     0.000000            1         1.00
       5.007     0.100000       341968         1.11
       6.039     0.200000       683736         1.25
       6.911     0.300000      1025176         1.43
       7.755     0.400000      1366690         1.67
       8.647     0.500000      1708989         2.00
       9.127     0.550000      1879147         2.22
       9.647     0.600000      2051814         2.50
      10.215     0.650000      2222414         2.86
      10.855     0.700000      2392838         3.33
      11.591     0.750000      2563180         4.00
      12.015     0.775000      2647805         4.44
      12.479     0.800000      2733128         5.00
      13.015     0.825000      2818339         5.71
      13.639     0.850000      2904497         6.67
      14.375     0.875000      2989596         8.00
      14.799     0.887500      3031760         8.89
      15.287     0.900000      3074566        10.00
      15.847     0.912500      3117495        11.43
      16.495     0.925000      3160418        13.33
      17.279     0.937500      3203122        16.00
      17.743     0.943750      3224548        17.78
      18.255     0.950000      3245383        20.00
      18.847     0.956250      3266739        22.86
      19.551     0.962500      3288189        26.67
      20.399     0.968750      3309446        32.00
      20.895     0.971875      3320103        35.56
      21.455     0.975000      3330790        40.00
      22.095     0.978125      3341416        45.71
      22.847     0.981250      3352008        53.33
      23.791     0.984375      3362827        64.00
      24.335     0.985938      3368101        71.11
      24.959     0.987500      3373434        80.00
      25.679     0.989062      3378787        91.43
      26.527     0.990625      3384025       106.67
      27.599     0.992188      3389428       128.00
      28.223     0.992969      3392053       142.22
      28.975     0.993750      3394739       160.00
      29.839     0.994531      3397387       182.86
      30.831     0.995313      3400039       213.33
      32.159     0.996094      3402717       256.00
      32.991     0.996484      3404063       284.44
      33.855     0.996875      3405377       320.00
      34.943     0.997266      3406739       365.71
      36.319     0.997656      3408062       426.67
      38.047     0.998047      3409388       512.00
      39.231     0.998242      3410057       568.89
      40.543     0.998437      3410719       640.00
      42.271     0.998633      3411392       731.43
      44.543     0.998828      3412047       853.33
      47.519     0.999023      3412719      1024.00
      49.407     0.999121      3413047      1137.78
      51.583     0.999219      3413384      1280.00
      53.823     0.999316      3413716      1462.86
      56.799     0.999414      3414048      1706.67
      60.415     0.999512      3414386      2048.00
      62.431     0.999561      3414549      2275.56
      65.119     0.999609      3414714      2560.00
      67.583     0.999658      3414881      2925.71
      71.423     0.999707      3415048      3413.33
      75.327     0.999756      3415216      4096.00
      77.247     0.999780      3415299      4551.11
      79.807     0.999805      3415385      5120.00
      82.175     0.999829      3415467      5851.43
      85.695     0.999854      3415549      6826.67
      89.279     0.999878      3415632      8192.00
      91.711     0.999890      3415674      9102.22
      93.567     0.999902      3415715     10240.00
      97.023     0.999915      3415758     11702.86
      99.967     0.999927      3415799     13653.33
     103.359     0.999939      3415840     16384.00
     105.663     0.999945      3415861     18204.44
     108.287     0.999951      3415882     20480.00
     110.463     0.999957      3415904     23405.71
     112.959     0.999963      3415924     27306.67
     116.991     0.999969      3415945     32768.00
     119.167     0.999973      3415956     36408.89
     120.959     0.999976      3415965     40960.00
     122.431     0.999979      3415977     46811.43
     123.967     0.999982      3415986     54613.33
     126.655     0.999985      3415996     65536.00
     129.087     0.999986      3416002     72817.78
     130.751     0.999988      3416009     81920.00
     132.223     0.999989      3416012     93622.86
     133.503     0.999991      3416017    109226.67
     136.063     0.999992      3416022    131072.00
     138.495     0.999993      3416025    145635.56
     139.391     0.999994      3416028    163840.00
     141.183     0.999995      3416030    187245.71
     143.103     0.999995      3416033    218453.33
     145.279     0.999996      3416035    262144.00
     146.175     0.999997      3416037    291271.11
     147.967     0.999997      3416038    327680.00
     152.447     0.999997      3416039    374491.43
     159.359     0.999998      3416041    436906.67
     160.127     0.999998      3416042    524288.00
     160.895     0.999998      3416043    582542.22
     160.895     0.999998      3416043    655360.00
     161.279     0.999999      3416044    748982.86
     163.199     0.999999      3416045    873813.33
     163.199     0.999999      3416045   1048576.00
     164.223     0.999999      3416046   1165084.44
     164.223     0.999999      3416046   1310720.00
     164.223     0.999999      3416046   1497965.71
     165.119     0.999999      3416047   1747626.67
     165.119     1.000000      3416047   2097152.00
     165.119     1.000000      3416047   2330168.89
     165.119     1.000000      3416047   2621440.00
     165.119     1.000000      3416047   2995931.43
     181.247     1.000000      3416048   3495253.33
     181.247     1.000000      3416048          inf
#[Mean    =        9.658, StdDeviation   =        4.955]
#[Max     =      181.120, Total count    =      3416048]
#[Buckets =           27, SubBuckets     =         2048]
-----------------------------------------------------------------------
  3524953 requests in 5.00m, 0.95GB read
  Socket errors: connect 7, read 0, write 0, timeout 2247
Requests/sec:  11749.61  
Transfer/sec:      3.25MB
