Running 5m test @ http://10.10.1.1:5000
  4 threads and 1024 connections

  Thread calibration: mean lat.: 5.093ms, rate sampling interval: 15ms
  Thread calibration: mean lat.: 5.036ms, rate sampling interval: 15ms
  Thread calibration: mean lat.: 5.018ms, rate sampling interval: 15ms
  Thread calibration: mean lat.: 5.036ms, rate sampling interval: 15ms

-----------------------------------------------------------------------
Test Results @ http://10.10.1.1:5000 
  Thread Stats   Avg      Stdev     99%   +/- Stdev
    Latency     4.88ms    2.29ms  12.73ms   77.74%
    Req/Sec     2.54k   573.87     4.00k    68.94%
  Latency Distribution (HdrHistogram - Recorded Latency)
 50.000%    4.36ms
 75.000%    5.86ms
 90.000%    7.74ms
 99.000%   12.73ms
 99.900%   19.41ms
 99.990%   29.14ms
 99.999%   45.25ms
100.000%   63.78ms

  Detailed Percentile spectrum:
       Value   Percentile   TotalCount 1/(1-Percentile)

       1.287     0.000000            1         1.00
       2.639     0.100000       285218         1.11
       3.107     0.200000       570359         1.25
       3.515     0.300000       854925         1.43
       3.925     0.400000      1139992         1.67
       4.359     0.500000      1424697         2.00
       4.599     0.550000      1567732         2.22
       4.859     0.600000      1708850         2.50
       5.151     0.650000      1852036         2.86
       5.475     0.700000      1993833         3.33
       5.859     0.750000      2136005         4.00
       6.075     0.775000      2206608         4.44
       6.315     0.800000      2277844         5.00
       6.587     0.825000      2348464         5.71
       6.907     0.850000      2420239         6.67
       7.279     0.875000      2491228         8.00
       7.495     0.887500      2526962         8.89
       7.735     0.900000      2562391        10.00
       8.011     0.912500      2597927        11.43
       8.327     0.925000      2633460        13.33
       8.703     0.937500      2669072        16.00
       8.927     0.943750      2687028        17.78
       9.167     0.950000      2704658        20.00
       9.447     0.956250      2722291        22.86
       9.775     0.962500      2740129        26.67
      10.175     0.968750      2757994        32.00
      10.399     0.971875      2766640        35.56
      10.655     0.975000      2775568        40.00
      10.951     0.978125      2784348        45.71
      11.295     0.981250      2793401        53.33
      11.703     0.984375      2802235        64.00
      11.943     0.985938      2806614        71.11
      12.215     0.987500      2811081        80.00
      12.527     0.989062      2815527        91.43
      12.887     0.990625      2819958       106.67
      13.327     0.992188      2824390       128.00
      13.591     0.992969      2826629       142.22
      13.895     0.993750      2828827       160.00
      14.247     0.994531      2831084       182.86
      14.647     0.995313      2833286       213.33
      15.119     0.996094      2835483       256.00
      15.407     0.996484      2836610       284.44
      15.751     0.996875      2837725       320.00
      16.167     0.997266      2838831       365.71
      16.639     0.997656      2839962       426.67
      17.183     0.998047      2841058       512.00
      17.503     0.998242      2841612       568.89
      17.871     0.998437      2842153       640.00
      18.319     0.998633      2842720       731.43
      18.799     0.998828      2843267       853.33
      19.503     0.999023      2843825      1024.00
      19.887     0.999121      2844101      1137.78
      20.287     0.999219      2844381      1280.00
      20.783     0.999316      2844660      1462.86
      21.359     0.999414      2844937      1706.67
      22.047     0.999512      2845212      2048.00
      22.447     0.999561      2845349      2275.56
      22.927     0.999609      2845492      2560.00
      23.423     0.999658      2845630      2925.71
      24.047     0.999707      2845766      3413.33
      24.815     0.999756      2845904      4096.00
      25.263     0.999780      2845973      4551.11
      25.855     0.999805      2846045      5120.00
      26.575     0.999829      2846114      5851.43
      27.199     0.999854      2846183      6826.67
      28.207     0.999878      2846253      8192.00
      28.719     0.999890      2846288      9102.22
      29.263     0.999902      2846322     10240.00
      30.079     0.999915      2846355     11702.86
      31.519     0.999927      2846391     13653.33
      32.479     0.999939      2846425     16384.00
      32.991     0.999945      2846442     18204.44
      34.463     0.999951      2846461     20480.00
      35.455     0.999957      2846477     23405.71
      36.543     0.999963      2846495     27306.67
      38.271     0.999969      2846512     32768.00
      39.167     0.999973      2846520     36408.89
      40.095     0.999976      2846529     40960.00
      40.927     0.999979      2846538     46811.43
      42.367     0.999982      2846546     54613.33
      43.967     0.999985      2846555     65536.00
      44.415     0.999986      2846559     72817.78
      44.799     0.999988      2846564     81920.00
      45.215     0.999989      2846569     93622.86
      46.335     0.999991      2846573    109226.67
      47.263     0.999992      2846577    131072.00
      47.423     0.999993      2846579    145635.56
      48.543     0.999994      2846581    163840.00
      49.599     0.999995      2846583    187245.71
      50.687     0.999995      2846586    218453.33
      52.991     0.999996      2846588    262144.00
      53.151     0.999997      2846589    291271.11
      53.471     0.999997      2846590    327680.00
      55.711     0.999997      2846591    374491.43
      56.319     0.999998      2846592    436906.67
      58.335     0.999998      2846593    524288.00
      59.039     0.999998      2846594    582542.22
      59.039     0.999998      2846594    655360.00
      59.679     0.999999      2846595    748982.86
      59.679     0.999999      2846595    873813.33
      63.199     0.999999      2846596   1048576.00
      63.199     0.999999      2846596   1165084.44
      63.199     0.999999      2846596   1310720.00
      63.519     0.999999      2846597   1497965.71
      63.519     0.999999      2846597   1747626.67
      63.519     1.000000      2846597   2097152.00
      63.519     1.000000      2846597   2330168.89
      63.519     1.000000      2846597   2621440.00
      63.775     1.000000      2846598   2995931.43
      63.775     1.000000      2846598          inf
#[Mean    =        4.883, StdDeviation   =        2.292]
#[Max     =       63.744, Total count    =      2846598]
#[Buckets =           27, SubBuckets     =         2048]
-----------------------------------------------------------------------
  2937366 requests in 5.00m, 813.73MB read
  Socket errors: connect 7, read 0, write 0, timeout 2167
Requests/sec:   9791.10  
Transfer/sec:      2.71MB
