Running 5m test @ http://10.10.1.1:5000
  4 threads and 1024 connections

  Thread calibration: mean lat.: 3.326ms, rate sampling interval: 10ms
  Thread calibration: mean lat.: 3.304ms, rate sampling interval: 10ms
  Thread calibration: mean lat.: 3.301ms, rate sampling interval: 10ms
  Thread calibration: mean lat.: 3.272ms, rate sampling interval: 10ms

-----------------------------------------------------------------------
Test Results @ http://10.10.1.1:5000 
  Thread Stats   Avg      Stdev     99%   +/- Stdev
    Latency     3.17ms    1.30ms   7.79ms   80.38%
    Req/Sec     2.07k   553.23     3.56k    68.72%
  Latency Distribution (HdrHistogram - Recorded Latency)
 50.000%    2.85ms
 75.000%    3.68ms
 90.000%    4.77ms
 99.000%    7.79ms
 99.900%   11.73ms
 99.990%   17.61ms
 99.999%   23.95ms
100.000%   31.95ms

  Detailed Percentile spectrum:
       Value   Percentile   TotalCount 1/(1-Percentile)

       1.230     0.000000            1         1.00
       1.961     0.100000       228394         1.11
       2.191     0.200000       456782         1.25
       2.399     0.300000       685310         1.43
       2.615     0.400000       911197         1.67
       2.853     0.500000      1139048         2.00
       2.987     0.550000      1253824         2.22
       3.129     0.600000      1367494         2.50
       3.285     0.650000      1480674         2.86
       3.465     0.700000      1594940         3.33
       3.677     0.750000      1708728         4.00
       3.799     0.775000      1765290         4.44
       3.937     0.800000      1822300         5.00
       4.093     0.825000      1879381         5.71
       4.275     0.850000      1936555         6.67
       4.491     0.875000      1992862         8.00
       4.623     0.887500      2021853         8.89
       4.767     0.900000      2050108        10.00
       4.935     0.912500      2078590        11.43
       5.123     0.925000      2107007        13.33
       5.347     0.937500      2135474        16.00
       5.475     0.943750      2149458        17.78
       5.623     0.950000      2163686        20.00
       5.795     0.956250      2178062        22.86
       5.991     0.962500      2192147        26.67
       6.227     0.968750      2206428        32.00
       6.367     0.971875      2213555        35.56
       6.523     0.975000      2220781        40.00
       6.699     0.978125      2227757        45.71
       6.907     0.981250      2234966        53.33
       7.155     0.984375      2242042        64.00
       7.303     0.985938      2245613        71.11
       7.467     0.987500      2249146        80.00
       7.659     0.989062      2252689        91.43
       7.883     0.990625      2256243       106.67
       8.155     0.992188      2259808       128.00
       8.319     0.992969      2261570       142.22
       8.511     0.993750      2263363       160.00
       8.711     0.994531      2265109       182.86
       8.951     0.995313      2266876       213.33
       9.255     0.996094      2268679       256.00
       9.439     0.996484      2269588       284.44
       9.631     0.996875      2270451       320.00
       9.855     0.997266      2271337       365.71
      10.127     0.997656      2272216       426.67
      10.455     0.998047      2273103       512.00
      10.647     0.998242      2273561       568.89
      10.871     0.998437      2274007       640.00
      11.111     0.998633      2274442       731.43
      11.399     0.998828      2274885       853.33
      11.783     0.999023      2275326      1024.00
      11.991     0.999121      2275548      1137.78
      12.231     0.999219      2275769      1280.00
      12.503     0.999316      2275994      1462.86
      12.839     0.999414      2276214      1706.67
      13.231     0.999512      2276439      2048.00
      13.455     0.999561      2276549      2275.56
      13.759     0.999609      2276662      2560.00
      14.159     0.999658      2276770      2925.71
      14.559     0.999707      2276886      3413.33
      14.967     0.999756      2276992      4096.00
      15.191     0.999780      2277048      4551.11
      15.495     0.999805      2277105      5120.00
      15.791     0.999829      2277159      5851.43
      16.191     0.999854      2277215      6826.67
      16.799     0.999878      2277272      8192.00
      17.263     0.999890      2277298      9102.22
      17.663     0.999902      2277328     10240.00
      17.967     0.999915      2277354     11702.86
      18.463     0.999927      2277382     13653.33
      18.863     0.999939      2277409     16384.00
      19.199     0.999945      2277423     18204.44
      19.471     0.999951      2277437     20480.00
      20.015     0.999957      2277451     23405.71
      20.591     0.999963      2277465     27306.67
      21.359     0.999969      2277479     32768.00
      21.695     0.999973      2277486     36408.89
      22.287     0.999976      2277493     40960.00
      22.559     0.999979      2277500     46811.43
      22.911     0.999982      2277507     54613.33
      23.279     0.999985      2277514     65536.00
      23.391     0.999986      2277517     72817.78
      23.551     0.999988      2277522     81920.00
      23.807     0.999989      2277524     93622.86
      24.335     0.999991      2277528    109226.67
      24.639     0.999992      2277531    131072.00
      24.895     0.999993      2277533    145635.56
      25.183     0.999994      2277535    163840.00
      25.279     0.999995      2277536    187245.71
      25.327     0.999995      2277538    218453.33
      25.439     0.999996      2277540    262144.00
      25.743     0.999997      2277541    291271.11
      26.287     0.999997      2277542    327680.00
      26.287     0.999997      2277542    374491.43
      26.383     0.999998      2277543    436906.67
      26.431     0.999998      2277544    524288.00
      27.423     0.999998      2277545    582542.22
      27.423     0.999998      2277545    655360.00
      27.423     0.999999      2277545    748982.86
      29.679     0.999999      2277546    873813.33
      29.679     0.999999      2277546   1048576.00
      31.439     0.999999      2277547   1165084.44
      31.439     0.999999      2277547   1310720.00
      31.439     0.999999      2277547   1497965.71
      31.439     0.999999      2277547   1747626.67
      31.439     1.000000      2277547   2097152.00
      31.951     1.000000      2277548   2330168.89
      31.951     1.000000      2277548          inf
#[Mean    =        3.174, StdDeviation   =        1.300]
#[Max     =       31.936, Total count    =      2277548]
#[Buckets =           27, SubBuckets     =         2048]
-----------------------------------------------------------------------
  2350196 requests in 5.00m, 650.70MB read
  Socket errors: connect 7, read 0, write 0, timeout 2040
Requests/sec:   7833.93  
Transfer/sec:      2.17MB
