Running 5m test @ http://10.10.1.1:5000
  4 threads and 1024 connections

  Thread calibration: mean lat.: 12.461ms, rate sampling interval: 37ms
  Thread calibration: mean lat.: 12.421ms, rate sampling interval: 37ms
  Thread calibration: mean lat.: 12.120ms, rate sampling interval: 36ms
  Thread calibration: mean lat.: 12.530ms, rate sampling interval: 37ms

-----------------------------------------------------------------------
Test Results @ http://10.10.1.1:5000 
  Thread Stats   Avg      Stdev     99%   +/- Stdev
    Latency     9.57ms    4.62ms  25.42ms   77.80%
    Req/Sec     2.99k   434.25     4.08k    69.45%
  Latency Distribution (HdrHistogram - Recorded Latency)
 50.000%    8.61ms
 75.000%   11.52ms
 90.000%   15.15ms
 99.000%   25.42ms
 99.900%   38.75ms
 99.990%   66.62ms
 99.999%  106.18ms
100.000%  135.42ms

  Detailed Percentile spectrum:
       Value   Percentile   TotalCount 1/(1-Percentile)

       1.517     0.000000            1         1.00
       5.015     0.100000       342093         1.11
       6.031     0.200000       683287         1.25
       6.895     0.300000      1025668         1.43
       7.731     0.400000      1366818         1.67
       8.615     0.500000      1710310         2.00
       9.087     0.550000      1879111         2.22
       9.599     0.600000      2051618         2.50
      10.159     0.650000      2220834         2.86
      10.791     0.700000      2392956         3.33
      11.519     0.750000      2562909         4.00
      11.943     0.775000      2648722         4.44
      12.407     0.800000      2734000         5.00
      12.935     0.825000      2819110         5.71
      13.535     0.850000      2904603         6.67
      14.263     0.875000      2989929         8.00
      14.679     0.887500      3032274         8.89
      15.151     0.900000      3074839        10.00
      15.687     0.912500      3117841        11.43
      16.327     0.925000      3160531        13.33
      17.087     0.937500      3202920        16.00
      17.519     0.943750      3224201        17.78
      18.031     0.950000      3245683        20.00
      18.591     0.956250      3266820        22.86
      19.263     0.962500      3288305        26.67
      20.079     0.968750      3309844        32.00
      20.543     0.971875      3320367        35.56
      21.071     0.975000      3330915        40.00
      21.695     0.978125      3341754        45.71
      22.415     0.981250      3352396        53.33
      23.279     0.984375      3362989        64.00
      23.775     0.985938      3368374        71.11
      24.351     0.987500      3373673        80.00
      24.991     0.989062      3378985        91.43
      25.743     0.990625      3384279       106.67
      26.655     0.992188      3389603       128.00
      27.183     0.992969      3392250       142.22
      27.759     0.993750      3394937       160.00
      28.447     0.994531      3397598       182.86
      29.263     0.995313      3400291       213.33
      30.239     0.996094      3402929       256.00
      30.815     0.996484      3404255       284.44
      31.471     0.996875      3405617       320.00
      32.207     0.997266      3406934       365.71
      33.087     0.997656      3408272       426.67
      34.239     0.998047      3409604       512.00
      34.911     0.998242      3410267       568.89
      35.711     0.998437      3410936       640.00
      36.639     0.998633      3411618       731.43
      37.695     0.998828      3412275       853.33
      38.975     0.999023      3412939      1024.00
      39.807     0.999121      3413273      1137.78
      40.671     0.999219      3413597      1280.00
      41.695     0.999316      3413938      1462.86
      42.975     0.999414      3414264      1706.67
      44.607     0.999512      3414607      2048.00
      45.567     0.999561      3414764      2275.56
      46.591     0.999609      3414933      2560.00
      48.063     0.999658      3415100      2925.71
      50.143     0.999707      3415266      3413.33
      52.415     0.999756      3415430      4096.00
      53.951     0.999780      3415515      4551.11
      55.615     0.999805      3415597      5120.00
      57.759     0.999829      3415681      5851.43
      60.223     0.999854      3415764      6826.67
      63.039     0.999878      3415849      8192.00
      65.023     0.999890      3415889      9102.22
      66.751     0.999902      3415931     10240.00
      68.927     0.999915      3415973     11702.86
      71.679     0.999927      3416014     13653.33
      74.943     0.999939      3416056     16384.00
      77.119     0.999945      3416077     18204.44
      78.591     0.999951      3416099     20480.00
      80.319     0.999957      3416121     23405.71
      82.751     0.999963      3416139     27306.67
      86.079     0.999969      3416161     32768.00
      88.191     0.999973      3416171     36408.89
      90.111     0.999976      3416181     40960.00
      93.759     0.999979      3416192     46811.43
      96.511     0.999982      3416202     54613.33
      99.199     0.999985      3416212     65536.00
     100.863     0.999986      3416218     72817.78
     102.143     0.999988      3416223     81920.00
     104.319     0.999989      3416228     93622.86
     106.815     0.999991      3416233    109226.67
     108.863     0.999992      3416238    131072.00
     110.719     0.999993      3416241    145635.56
     113.343     0.999994      3416244    163840.00
     114.751     0.999995      3416248    187245.71
     115.007     0.999995      3416249    218453.33
     116.479     0.999996      3416251    262144.00
     117.247     0.999997      3416253    291271.11
     118.655     0.999997      3416254    327680.00
     119.807     0.999997      3416255    374491.43
     121.407     0.999998      3416257    436906.67
     121.535     0.999998      3416258    524288.00
     125.951     0.999998      3416259    582542.22
     125.951     0.999998      3416259    655360.00
     126.719     0.999999      3416260    748982.86
     127.551     0.999999      3416261    873813.33
     127.551     0.999999      3416261   1048576.00
     128.063     0.999999      3416262   1165084.44
     128.063     0.999999      3416262   1310720.00
     128.063     0.999999      3416262   1497965.71
     128.447     0.999999      3416263   1747626.67
     128.447     1.000000      3416263   2097152.00
     128.447     1.000000      3416263   2330168.89
     128.447     1.000000      3416263   2621440.00
     128.447     1.000000      3416263   2995931.43
     135.423     1.000000      3416264   3495253.33
     135.423     1.000000      3416264          inf
#[Mean    =        9.568, StdDeviation   =        4.616]
#[Max     =      135.296, Total count    =      3416264]
#[Buckets =           27, SubBuckets     =         2048]
-----------------------------------------------------------------------
  3525236 requests in 5.00m, 0.95GB read
  Socket errors: connect 7, read 0, write 0, timeout 2237
Requests/sec:  11750.62  
Transfer/sec:      3.25MB
