Running 5m test @ http://c220g1-030808.wisc.cloudlab.us:5000
  4 threads and 128 connections

  Thread calibration: mean lat.: 9.271ms, rate sampling interval: 33ms
  Thread calibration: mean lat.: 9.233ms, rate sampling interval: 33ms
  Thread calibration: mean lat.: 9.165ms, rate sampling interval: 32ms
  Thread calibration: mean lat.: 9.074ms, rate sampling interval: 32ms

-----------------------------------------------------------------------
Test Results @ http://c220g1-030808.wisc.cloudlab.us:5000 
  Thread Stats   Avg      Stdev     99%   +/- Stdev
    Latency     9.31ms    6.07ms  31.93ms   84.52%
    Req/Sec     2.54k   305.51     3.26k    68.83%
  Latency Distribution (HdrHistogram - Recorded Latency)
 50.000%    7.47ms
 75.000%   11.33ms
 90.000%   16.78ms
 99.000%   31.93ms
 99.900%   49.44ms
 99.990%   74.11ms
 99.999%  103.17ms
100.000%  121.34ms

  Detailed Percentile spectrum:
       Value   Percentile   TotalCount 1/(1-Percentile)

       1.460     0.000000            1         1.00
       4.139     0.100000       290286         1.11
       4.975     0.200000       580135         1.25
       5.731     0.300000       870107         1.43
       6.535     0.400000      1160511         1.67
       7.475     0.500000      1450707         2.00
       8.031     0.550000      1595575         2.22
       8.663     0.600000      1740379         2.50
       9.407     0.650000      1886444         2.86
      10.279     0.700000      2030988         3.33
      11.327     0.750000      2175932         4.00
      11.935     0.775000      2247735         4.44
      12.623     0.800000      2320331         5.00
      13.407     0.825000      2392550         5.71
      14.327     0.850000      2465319         6.67
      15.423     0.875000      2537768         8.00
      16.055     0.887500      2573973         8.89
      16.783     0.900000      2610718        10.00
      17.583     0.912500      2646372        11.43
      18.543     0.925000      2682990        13.33
      19.679     0.937500      2719083        16.00
      20.335     0.943750      2737031        17.78
      21.087     0.950000      2755182        20.00
      21.951     0.956250      2773301        22.86
      22.943     0.962500      2791466        26.67
      24.127     0.968750      2809447        32.00
      24.847     0.971875      2818556        35.56
      25.615     0.975000      2827553        40.00
      26.511     0.978125      2836642        45.71
      27.551     0.981250      2845711        53.33
      28.799     0.984375      2854786        64.00
      29.519     0.985938      2859320        71.11
      30.351     0.987500      2863853        80.00
      31.279     0.989062      2868333        91.43
      32.383     0.990625      2872878       106.67
      33.695     0.992188      2877414       128.00
      34.463     0.992969      2879720       142.22
      35.295     0.993750      2881975       160.00
      36.255     0.994531      2884246       182.86
      37.375     0.995313      2886496       213.33
      38.751     0.996094      2888747       256.00
      39.519     0.996484      2889855       284.44
      40.447     0.996875      2891006       320.00
      41.503     0.997266      2892152       365.71
      42.623     0.997656      2893265       426.67
      43.999     0.998047      2894411       512.00
      44.863     0.998242      2894968       568.89
      45.791     0.998437      2895528       640.00
      46.847     0.998633      2896089       731.43
      47.967     0.998828      2896653       853.33
      49.663     0.999023      2897225      1024.00
      50.623     0.999121      2897506      1137.78
      51.551     0.999219      2897791      1280.00
      52.735     0.999316      2898074      1462.86
      54.143     0.999414      2898353      1706.67
      55.679     0.999512      2898636      2048.00
      56.607     0.999561      2898777      2275.56
      57.695     0.999609      2898921      2560.00
      59.135     0.999658      2899059      2925.71
      60.767     0.999707      2899203      3413.33
      62.815     0.999756      2899342      4096.00
      63.871     0.999780      2899415      4551.11
      65.311     0.999805      2899486      5120.00
      66.687     0.999829      2899557      5851.43
      68.671     0.999854      2899628      6826.67
      70.783     0.999878      2899696      8192.00
      72.511     0.999890      2899732      9102.22
      74.303     0.999902      2899767     10240.00
      76.287     0.999915      2899804     11702.86
      78.207     0.999927      2899839     13653.33
      80.575     0.999939      2899873     16384.00
      82.559     0.999945      2899891     18204.44
      83.711     0.999951      2899909     20480.00
      85.887     0.999957      2899927     23405.71
      87.679     0.999963      2899944     27306.67
      90.175     0.999969      2899962     32768.00
      90.815     0.999973      2899971     36408.89
      92.415     0.999976      2899980     40960.00
      94.015     0.999979      2899989     46811.43
      96.191     0.999982      2899997     54613.33
      98.111     0.999985      2900006     65536.00
     100.095     0.999986      2900011     72817.78
     101.759     0.999988      2900015     81920.00
     102.271     0.999989      2900020     93622.86
     103.615     0.999991      2900024    109226.67
     105.279     0.999992      2900028    131072.00
     106.367     0.999993      2900031    145635.56
     108.031     0.999994      2900033    163840.00
     108.479     0.999995      2900035    187245.71
     109.887     0.999995      2900038    218453.33
     109.951     0.999996      2900039    262144.00
     110.847     0.999997      2900041    291271.11
     111.743     0.999997      2900042    327680.00
     112.319     0.999997      2900043    374491.43
     113.215     0.999998      2900044    436906.67
     114.175     0.999998      2900045    524288.00
     114.495     0.999998      2900046    582542.22
     114.495     0.999998      2900046    655360.00
     114.623     0.999999      2900047    748982.86
     114.623     0.999999      2900047    873813.33
     115.263     0.999999      2900048   1048576.00
     115.263     0.999999      2900048   1165084.44
     115.263     0.999999      2900048   1310720.00
     116.223     0.999999      2900049   1497965.71
     116.223     0.999999      2900049   1747626.67
     116.223     1.000000      2900049   2097152.00
     116.223     1.000000      2900049   2330168.89
     116.223     1.000000      2900049   2621440.00
     121.343     1.000000      2900050   2995931.43
     121.343     1.000000      2900050          inf
#[Mean    =        9.309, StdDeviation   =        6.065]
#[Max     =      121.280, Total count    =      2900050]
#[Buckets =           27, SubBuckets     =         2048]
-----------------------------------------------------------------------
  3000258 requests in 5.00m, 818.51MB read
Requests/sec:  10000.78  
Transfer/sec:      2.73MB
