Running 5m test @ http://10.10.1.1:5000
  4 threads and 1024 connections

  Thread calibration: mean lat.: 3.643ms, rate sampling interval: 10ms
  Thread calibration: mean lat.: 3.669ms, rate sampling interval: 10ms
  Thread calibration: mean lat.: 3.642ms, rate sampling interval: 10ms
  Thread calibration: mean lat.: 3.647ms, rate sampling interval: 10ms

-----------------------------------------------------------------------
Test Results @ http://10.10.1.1:5000 
  Thread Stats   Avg      Stdev     99%   +/- Stdev
    Latency     3.19ms    1.27ms   7.64ms   78.94%
    Req/Sec     2.07k   552.43     3.50k    68.64%
  Latency Distribution (HdrHistogram - Recorded Latency)
 50.000%    2.88ms
 75.000%    3.71ms
 90.000%    4.77ms
 99.000%    7.64ms
 99.900%   11.02ms
 99.990%   15.68ms
 99.999%   22.98ms
100.000%   40.22ms

  Detailed Percentile spectrum:
       Value   Percentile   TotalCount 1/(1-Percentile)

       1.119     0.000000            1         1.00
       1.975     0.100000       228384         1.11
       2.209     0.200000       457236         1.25
       2.417     0.300000       683600         1.43
       2.639     0.400000       912955         1.67
       2.879     0.500000      1138846         2.00
       3.013     0.550000      1253239         2.22
       3.157     0.600000      1367344         2.50
       3.315     0.650000      1481087         2.86
       3.495     0.700000      1594796         3.33
       3.707     0.750000      1709007         4.00
       3.827     0.775000      1765217         4.44
       3.963     0.800000      1822291         5.00
       4.119     0.825000      1879885         5.71
       4.295     0.850000      1936083         6.67
       4.507     0.875000      1993218         8.00
       4.631     0.887500      2021921         8.89
       4.771     0.900000      2050388        10.00
       4.931     0.912500      2078991        11.43
       5.115     0.925000      2107101        13.33
       5.331     0.937500      2135448        16.00
       5.459     0.943750      2149858        17.78
       5.595     0.950000      2163749        20.00
       5.759     0.956250      2178264        22.86
       5.947     0.962500      2192398        26.67
       6.171     0.968750      2206629        32.00
       6.299     0.971875      2213544        35.56
       6.451     0.975000      2220781        40.00
       6.619     0.978125      2227815        45.71
       6.811     0.981250      2234926        53.33
       7.047     0.984375      2242035        64.00
       7.187     0.985938      2245643        71.11
       7.339     0.987500      2249140        80.00
       7.515     0.989062      2252679        91.43
       7.719     0.990625      2256242       106.67
       7.963     0.992188      2259834       128.00
       8.107     0.992969      2261587       142.22
       8.279     0.993750      2263430       160.00
       8.471     0.994531      2265164       182.86
       8.695     0.995313      2266942       213.33
       8.951     0.996094      2268718       256.00
       9.103     0.996484      2269593       284.44
       9.279     0.996875      2270508       320.00
       9.471     0.997266      2271356       365.71
       9.711     0.997656      2272271       426.67
       9.983     0.998047      2273143       512.00
      10.151     0.998242      2273585       568.89
      10.343     0.998437      2274034       640.00
      10.559     0.998633      2274481       731.43
      10.775     0.998828      2274913       853.33
      11.063     0.999023      2275360      1024.00
      11.263     0.999121      2275592      1137.78
      11.487     0.999219      2275808      1280.00
      11.751     0.999316      2276030      1462.86
      12.031     0.999414      2276249      1706.67
      12.391     0.999512      2276471      2048.00
      12.607     0.999561      2276581      2275.56
      12.847     0.999609      2276696      2560.00
      13.111     0.999658      2276804      2925.71
      13.367     0.999707      2276917      3413.33
      13.727     0.999756      2277027      4096.00
      13.943     0.999780      2277081      4551.11
      14.143     0.999805      2277137      5120.00
      14.383     0.999829      2277193      5851.43
      14.719     0.999854      2277248      6826.67
      15.119     0.999878      2277303      8192.00
      15.455     0.999890      2277331      9102.22
      15.791     0.999902      2277359     10240.00
      16.183     0.999915      2277387     11702.86
      16.655     0.999927      2277416     13653.33
      17.087     0.999939      2277442     16384.00
      17.359     0.999945      2277458     18204.44
      17.647     0.999951      2277470     20480.00
      18.175     0.999957      2277484     23405.71
      18.687     0.999963      2277498     27306.67
      19.311     0.999969      2277512     32768.00
      19.471     0.999973      2277519     36408.89
      20.047     0.999976      2277526     40960.00
      20.271     0.999979      2277533     46811.43
      21.103     0.999982      2277540     54613.33
      22.223     0.999985      2277547     65536.00
      22.415     0.999986      2277550     72817.78
      22.527     0.999988      2277554     81920.00
      22.895     0.999989      2277557     93622.86
      23.279     0.999991      2277561    109226.67
      23.647     0.999992      2277564    131072.00
      23.727     0.999993      2277566    145635.56
      24.127     0.999994      2277569    163840.00
      24.127     0.999995      2277569    187245.71
      24.463     0.999995      2277571    218453.33
      25.039     0.999996      2277573    262144.00
      25.423     0.999997      2277574    291271.11
      25.519     0.999997      2277575    327680.00
      25.519     0.999997      2277575    374491.43
      25.663     0.999998      2277576    436906.67
      25.839     0.999998      2277577    524288.00
      27.263     0.999998      2277578    582542.22
      27.263     0.999998      2277578    655360.00
      27.263     0.999999      2277578    748982.86
      27.935     0.999999      2277579    873813.33
      27.935     0.999999      2277579   1048576.00
      33.535     0.999999      2277580   1165084.44
      33.535     0.999999      2277580   1310720.00
      33.535     0.999999      2277580   1497965.71
      33.535     0.999999      2277580   1747626.67
      33.535     1.000000      2277580   2097152.00
      40.223     1.000000      2277581   2330168.89
      40.223     1.000000      2277581          inf
#[Mean    =        3.187, StdDeviation   =        1.268]
#[Max     =       40.192, Total count    =      2277581]
#[Buckets =           27, SubBuckets     =         2048]
-----------------------------------------------------------------------
  2350166 requests in 5.00m, 650.78MB read
  Socket errors: connect 7, read 0, write 0, timeout 2040
Requests/sec:   7833.83  
Transfer/sec:      2.17MB
